id	ENSG00000222041	ENSG00000227372	ENSG00000232533	ENSG00000256802
TCGA-06-0125	5.801055607	9.171620176	27.22061888	0.659261481
TCGA-06-0190	11.86555725	7.956762003	23.99188533	1.812996862
TCGA-06-0210	11.15288476	8.693627176	36.3467899	0.501331915
TCGA-06-0211	9.447481854	7.279951568	35.23771169	0.730589092
TCGA-06-1804	1.379885626	10.92439816	6.701085408	3.640789727
TCGA-06-5408	4.318323244	8.409734734	29.35159317	1.819403007
TCGA-06-5410	7.437631652	4.402959122	15.04476854	1.41843573
TCGA-06-5411	10.58169635	5.20252168	15.13087666	0.470503081
TCGA-06-5412	10.27893181	6.023289237	66.10619894	2.043217
TCGA-06-5413	12.86462945	5.314741419	15.27432892	0.469995927
TCGA-06-5414	8.691866934	5.691322799	30.5094574	0.709136883
TCGA-06-5415	8.385480667	6.380349311	18.64625517	0.320100926
TCGA-06-5416	10.75180297	6.487102151	44.64181161	1.221969265
TCGA-06-5417	1.773990568	0.799741096	7.321396141	0.105826164
TCGA-06-5418	13.39070822	8.553481582	45.08368276	1.141185765
TCGA-06-5856	8.616739117	7.010320098	27.24799172	0.797527477
TCGA-06-5858	3.719805802	7.022504611	19.20048764	0.119588931
TCGA-06-5859	1.752009561	3.795910679	7.231306707	1.745942515
TCGA-12-5295	5.073203902	5.963052641	46.97152885	0.764062473
TCGA-12-5299	12.6704722	4.943344141	44.59495843	0.518929185
TCGA-14-0781	20.8108105	6.867680344	25.70001324	1.624468896
TCGA-19-4065	13.43838478	4.93682067	45.59550869	0.32177395
TCGA-19-5960	1.087367191	11.168709	21.39201267	0.403675343
TCGA-26-1442	0.520679626	0.99149609	7.083536159	0.060169096
TCGA-26-5132	4.604442419	8.582199792	23.13896268	1.542400609
TCGA-26-5133	3.171603324	0.409408444	14.17615687	0.389433877
TCGA-26-5134	0.946293038	2.583500468	2.527744833	0.156425638
TCGA-26-5136	8.811218403	6.017090833	13.76268667	1.862951809
TCGA-26-5139	8.476474902	6.870631873	21.96750093	0.833121242
TCGA-28-5207	1.967481054	7.43225627	12.60496019	1.331731062
TCGA-28-5208	13.22517493	7.614801233	27.47289354	0.81127469
TCGA-28-5209	10.08395046	8.539185395	35.31076758	0.741508494
TCGA-28-5213	8.911348554	6.801171686	12.38003918	2.035877051
TCGA-28-5215	3.755607263	8.313378532	10.09397377	0.793339544
TCGA-28-5216	6.428120283	7.105022517	13.29420863	0.601892617
TCGA-28-5218	5.296848201	4.89099365	12.62414558	0.019476906
TCGA-28-5220	2.238555378	6.582299086	12.99489232	2.420253226
TCGA-32-1980	8.65207375	4.686598272	8.973769122	0.770975991
TCGA-32-5222	7.574367569	4.962541736	32.66793634	0.219639764
TCGA-41-5651	2.662108869	10.95143746	6.545466651	0.194626756
TCGA-76-4925	11.69175421	10.42423292	28.8253332	0.24761158
TCGA-76-4926	3.182800076	7.293887548	17.48025802	0.81689692
TCGA-76-4927	10.70055885	6.814942608	22.44790667	0.610372632
TCGA-76-4928	11.69869409	5.034346519	38.43534021	0.557592679
TCGA-76-4929	2.669201017	9.096592483	21.4667649	1.380052408
TCGA-76-4931	4.92981371	8.67064737	17.81993341	0.932349225
TCGA-76-4932	8.718533681	2.82245712	32.89663324	0.771232438
TCGA-CS-4938	0.127240128	0.662929407	3.347590431	0.045262913
TCGA-CS-4943	0.401154452	0.46307798	4.321589495	0.046470282
TCGA-CS-4944	0.143245722	0.558868492	5.475869916	0.123818947
TCGA-CS-5393	0.365486598	1.655120712	2.063545029	0.054407351
TCGA-CS-5394	0.155367393	0.361088817	3.93482179	0.047078591
TCGA-CS-5396	0.418602428	0.345577617	2.983685145	0.014048785
TCGA-CS-6188	3.614905083	7.860069388	21.91639917	3.306366672
TCGA-CS-6290	0.479748753	2.009689301	3.706783158	0.074437305
TCGA-CS-6665	1.188515291	3.307484126	5.403896639	0.106243035
TCGA-CS-6666	0.777306309	0.615338443	5.11799246	0.05517638
TCGA-CS-6667	0.203065933	0.944975766	2.181699509	0.023343389
TCGA-CS-6668	0.209489288	0.500758742	1.241362377	0.050567246
TCGA-CS-6669	1.140018558	2.446468635	2.699914631	0.282068622
TCGA-CS-6670	0.377827424	0.769250772	4.469471785	0.195608993
TCGA-DB-5270	0.690620054	2.26172884	6.687946046	0.268263545
TCGA-DB-5273	0.575520124	0.927896616	4.260506783	0.134025083
TCGA-DB-5274	1.433080355	0.676553606	8.311363713	0.075791777
TCGA-DB-5275	0.471542252	0.466075012	8.816980377	0.048245487
TCGA-DB-5276	0.479124535	3.277012003	4.344313905	0.167194983
TCGA-DB-5277	0.559702241	1.286298294	6.323062203	0.071178809
TCGA-DB-5278	0.403864901	1.68653824	3.395502375	0.262997722
TCGA-DB-5279	0.355825785	0.732149629	2.739880993	0.073335451
TCGA-DB-5280	0.176238514	0.659737467	2.100283873	0.027179182
TCGA-DB-5281	0.991864813	1.462229476	5.390412256	0.140911059
TCGA-DB-A4X9	0.097257572	0.645108695	4.390526493	0.099723655
TCGA-DB-A4XA	0.271597522	1.247702903	4.744586401	0.081385826
TCGA-DB-A4XB	0.190800574	0.97374345	4.821889508	0.198191386
TCGA-DB-A4XC	0.323716693	1.516310086	2.790818915	0.119612295
TCGA-DB-A4XD	0.135974524	1.02848958	2.269264112	0.04318044
TCGA-DB-A4XE	0.442075144	1.280340449	4.250872825	0.187894112
TCGA-DB-A4XF	0.483999459	0.869268766	3.743706822	0.143416024
TCGA-DB-A4XG	0.63649817	0.673780561	3.525583089	0.097693118
TCGA-DB-A4XH	0.148723992	1.716284308	3.087200811	0.129739122
TCGA-DB-A64L	0.392077429	1.482529273	4.391081168	0.115665618
TCGA-DB-A64O	0.596946159	4.639064086	8.158375922	0.521789659
TCGA-DB-A64P	0.481088642	0.949510287	6.223043816	0.069790588
TCGA-DB-A64Q	0.116798975	0.874261951	5.593635923	0.157029111
TCGA-DB-A64R	0.239962205	0.672014422	2.545446774	0.198322646
TCGA-DB-A64S	0.324141263	1.676572176	4.452772139	0.04012884
TCGA-DB-A64U	0.2450972	2.755940794	2.289415535	0.172232757
TCGA-DB-A64V	0.727478024	3.032679251	5.735207411	0.136271152
TCGA-DB-A64W	0.708180231	1.515709579	4.054019222	0.211441085
TCGA-DB-A64X	0.460794336	0.50112624	6.006385822	0.078000752
TCGA-DB-A75K	1.20405377	1.558047942	6.623411178	0.286451624
TCGA-DB-A75L	0.512106951	1.227279122	4.676964621	0.076717039
TCGA-DB-A75M	0.200860073	1.035210018	3.005911115	0.04606488
TCGA-DB-A75O	0.182498833	0.990579272	3.923224965	0.142272815
TCGA-DB-A75P	1.804640728	4.404283764	8.23402503	0.37303748
TCGA-DH-5141	0.177839034	1.287757033	7.369217899	0.091510503
TCGA-DH-5142	0.5378972	0.706290274	12.54355512	0.20672677
TCGA-DH-5143	0.551792654	0.837229603	2.9800613	0.103707556
TCGA-DH-5144	0.09477408	0.483119663	3.198785156	0.018131691
TCGA-DH-A66B	0.936954403	0.59820152	10.20066894	0.129255926
TCGA-DH-A66D	0.623039606	1.034036017	6.347029765	0.084412575
TCGA-DH-A66F	0.122237779	0.549254056	2.920868148	0.095380948
TCGA-DH-A7UR	0.948941476	1.612957502	5.873195114	0.208731811
TCGA-DH-A7US	0.252519	2.00577172	3.376885241	0.229871584
TCGA-DH-A7UT	0.963358449	2.491384503	6.042873282	0.208687308
TCGA-DH-A7UU	0.128201053	1.135173858	4.006430445	0.010482575
TCGA-DH-A7UV	0.229147453	1.124475216	2.456332405	0.021139002
TCGA-DU-5847	2.064455787	7.716270393	7.638209212	0.690427408
TCGA-DU-5849	0.505043109	2.696310883	4.364010643	0.236913664
TCGA-DU-5851	0.733520363	2.96942583	2.439188576	0.204758716
TCGA-DU-5853	0.260515453	1.030970805	2.064204556	0.081615117
TCGA-DU-5854	2.746362674	8.877821427	9.807302394	0.183518306
TCGA-DU-5855	0.355412318	0.931167959	5.199536919	0.066442632
TCGA-DU-5870	0.381173584	0.972638968	3.714290259	0.131406726
TCGA-DU-5871	0.192827051	0.684508292	2.779611226	0.09425954
TCGA-DU-5872	0.350358317	0.845045861	3.555014461	0.180054521
TCGA-DU-5874	0.626916017	0.462076837	3.511473157	0.082523483
TCGA-DU-6392	4.719562658	8.966956213	29.47882051	0.142171201
TCGA-DU-6410	0.605649039	0.359323274	4.229696302	0.052481992
TCGA-DU-6542	0.791093451	0.923163197	3.875605857	0.067138315
TCGA-DU-7008	0.606087062	0.655706387	8.470570091	0.052513212
TCGA-DU-7009	0.303251016	1.106502599	3.876507844	0.148791923
TCGA-DU-7015	0.285357715	0.732279695	4.928501402	0.070781669
TCGA-DU-7019	0.676402882	1.090078847	4.439924257	0.051963218
TCGA-DU-7294	0.321066557	0.720561908	3.03681177	0.120555122
TCGA-DU-7302	0.989402576	1.329332774	4.788597894	0.340135713
TCGA-DU-7306	0.189164205	0.798023268	5.891111637	0.085832952
TCGA-DU-7309	0.42573747	1.654944996	3.211047784	0.165282085
TCGA-DU-8162	1.815593533	4.830783213	5.94182787	0.514301703
TCGA-DU-8163	0.361846385	1.630090793	3.714292555	0.110122509
TCGA-DU-8164	0.423638353	0.821225132	3.829847674	0.111957937
TCGA-DU-8165	2.555889974	12.0951858	5.325062436	0.869703723
TCGA-DU-8166	0.477036944	0.890168375	5.307213719	0.122719384
TCGA-DU-8167	0.690226241	2.347850138	5.736207757	0.064255503
TCGA-DU-8168	0.542791525	0.614090735	4.760658824	0.079739434
TCGA-DU-A5TP	9.286490135	1.080034036	16.34049952	0.211316349
TCGA-DU-A5TR	0.97430759	1.25083523	12.96826475	0.523591523
TCGA-DU-A5TS	0.348315044	2.198661984	4.048879039	0.075093377
TCGA-DU-A5TT	1.615630731	10.3212381	15.58644084	1.020618514
TCGA-DU-A5TU	1.100331626	1.32353349	15.59231537	0.259326084
TCGA-DU-A5TW	0.147849761	0.753414267	9.381630463	0.086640689
TCGA-DU-A5TY	2.204184506	7.238862387	21.60281076	0.408040103
TCGA-DU-A6S2	0.89365909	2.13703982	5.103560018	0.293507688
TCGA-DU-A6S3	0.321973374	1.091279386	2.706532081	0.156650789
TCGA-DU-A6S6	0.356895551	1.340326126	5.55806221	0.447606607
TCGA-DU-A6S7	0.362431009	1.659584476	3.443383796	0.042457524
TCGA-DU-A6S8	0.477806186	0.728500666	4.129937124	0.178562261
TCGA-DU-A76O	0.304515759	0.883527428	3.584022577	0.055507222
TCGA-DU-A7T8	0.205426161	0.793272052	5.09714264	0.099638806
TCGA-DU-A7TA	0.461656735	0.641029229	11.41047164	0.100752657
TCGA-DU-A7TB	0.43865414	8.946324554	4.398088077	0.201086277
TCGA-DU-A7TC	0.573304297	1.015327028	4.147697497	0.365966404
TCGA-DU-A7TJ	3.457199848	7.810688803	15.02829626	1.196463397
TCGA-E1-5318	2.320751899	0.421523212	4.534318006	0.040238329
TCGA-EZ-7264	0.187701292	0.493064342	2.130189101	0.071592059
TCGA-FG-5962	0.646216563	1.348740286	6.476004957	0.248817013
TCGA-FG-5963	2.245380718	7.105175676	8.881443516	0.376353301
TCGA-FG-5964	1.070236705	2.43276455	5.332673855	0.101848937
TCGA-FG-5965	0.761365449	1.317103923	7.260521574	0.153900543
TCGA-FG-6688	2.253876904	6.752972296	14.39927018	0.335694434
TCGA-FG-6689	0.409320977	1.586788959	3.723934048	0.089326553
TCGA-FG-6690	0.137340477	0.716506294	1.889119261	0.019324618
TCGA-FG-6691	0.180819284	1.388336947	2.930350105	0.135828191
TCGA-FG-6692	6.073517373	5.957250807	38.68917885	0.274652066
TCGA-FG-7634	3.020668294	1.910397864	6.674140487	0.112459594
TCGA-FG-7636	0.320389453	0.550099496	3.591686547	0.02371185
TCGA-FG-7637	0.383651252	0.471354438	4.228331448	0.094119527
TCGA-FG-7638	0.39462661	0.777506636	2.823591068	0.142119902
TCGA-FG-7641	0.338836997	1.619140666	3.437939121	0.136715665
TCGA-FG-7643	0.922005623	4.445357725	5.074132408	0.233028667
TCGA-FG-8181	1.457019068	2.926651544	5.201612121	0.295892357
TCGA-FG-8182	0.164026524	1.651923862	3.255734806	0.081726559
TCGA-FG-8185	0.103719918	0.39186471	3.407328834	0.045148402
TCGA-FG-8186	0.376109168	1.259512056	8.119578835	0.20307331
TCGA-FG-8187	0.190594343	2.44944833	4.231992557	0.16168516
TCGA-FG-8188	0.374679264	1.702705802	3.291010993	0.055023179
TCGA-FG-8189	1.409904091	3.170146745	3.303898633	0.489800263
TCGA-FG-8191	0.817840428	1.721429095	4.597600787	0.062404842
TCGA-FG-A4MT	0.408746961	0.391039001	1.616947786	0.008726391
TCGA-FG-A4MU	6.673599772	8.057971249	19.36050042	0.239860279
TCGA-FG-A4MW	2.238108612	7.364412462	9.647925094	0.246952277
TCGA-FG-A4MX	0.442512491	0.311740183	6.332502499	0.114061435
TCGA-FG-A4MY	0.212293623	2.77676216	5.996141634	0.02845698
TCGA-FG-A60J	0.113017091	1.126079567	4.55225682	0.216610489
TCGA-FG-A60K	0.191408307	0.59622973	2.339398672	0.130190263
TCGA-FG-A60L	0.720183398	1.945496653	14.76702684	0.117961092
TCGA-FG-A6IZ	0.564161179	0.31049879	6.176399811	0.103323093
TCGA-FG-A6J1	0.502210283	0.626659709	8.131906155	0.318016669
TCGA-FG-A6J3	2.75816654	1.248816627	22.46483901	0.606617994
TCGA-FG-A70Y	0.18066889	2.121166846	4.487759943	0.097417916
TCGA-FG-A70Z	5.404100368	6.626045735	9.367330991	0.849644321
TCGA-FG-A710	1.120933595	0.946094603	5.305032011	0.185950621
TCGA-FG-A711	0.165763656	0.867462432	4.426682398	0.11203854
TCGA-FG-A713	0.610259246	2.996965596	4.034513923	0.552656464
TCGA-FG-A87N	2.688635627	0.646566367	6.572455705	0.08789446
TCGA-FG-A87Q	1.517635767	6.81008683	14.09189254	0.327400166
TCGA-FN-7833	0.536046615	0.982959355	3.968643265	0.027046846
TCGA-HT-7467	0.471822066	3.54994116	3.504302186	0.154656485
TCGA-HT-7468	0.254179478	0.554498349	2.96650109	0.087073413
TCGA-HT-7469	1.011319551	8.318734105	6.971890637	0.020746117
TCGA-HT-7470	0.565172044	2.216583168	2.978039726	0.128943263
TCGA-HT-7471	1.38408382	1.162535321	6.111520198	0.146313533
TCGA-HT-7472	0.269905409	1.041746203	2.882755526	0.055050021
TCGA-HT-7473	0.240015104	1.337405104	5.429623402	0.058277908
TCGA-HT-7474	0.392260557	2.413872496	4.33876296	0.177043997
TCGA-HT-7475	0.351996212	1.522467864	6.76209351	0.140563391
TCGA-HT-7476	1.479781232	1.657275155	3.600495434	0.064561432
TCGA-HT-7477	0.813213953	1.000386924	6.584230133	0.199168323
TCGA-HT-7478	1.03687991	1.467027936	5.536271985	0.195616624
TCGA-HT-7479	0.184600097	2.253565456	3.234729162	0.058617978
TCGA-HT-7480	0.492189085	1.20579898	2.957583978	0.175459988
TCGA-HT-7481	0.177391849	2.822556982	3.37637683	0.132311513
TCGA-HT-7482	0.178533209	1.801140326	3.366055134	0.06823597
TCGA-HT-7483	0.831613532	1.033476178	4.198794485	0.121531067
TCGA-HT-7485	0.101677786	0.968328705	1.689639524	0.057634822
TCGA-HT-7601	0.930389675	2.508073928	7.914659178	0.099085872
TCGA-HT-7602	0.146023925	2.92992544	3.36605842	0.127028391
TCGA-HT-7603	1.627616836	1.696967782	4.829958382	0.147178017
TCGA-HT-7604	0.145784649	0.59450426	3.290967404	0.026776293
TCGA-HT-7605	0.454768413	2.173925514	4.746492117	0.242749035
TCGA-HT-7606	0.957250821	0.80582829	7.030431902	0.023236012
TCGA-HT-7608	0.103653707	0.498681819	2.71165129	0.125336747
TCGA-HT-7609	0.193465588	0.810908076	4.185398288	0.041477295
TCGA-HT-7610	0.449412892	1.586969236	3.130654969	0.28118412
TCGA-HT-7611	0.215793181	0.99839317	3.064706324	0.068776399
TCGA-HT-7620	0.17934164	4.524403305	3.658100272	0.02798575
TCGA-HT-7676	0.251422352	0.959513523	2.481972118	0.068010987
TCGA-HT-7677	0.347009954	1.049960601	2.902131226	0.191943838
TCGA-HT-7680	0.833132194	3.926265241	3.371137772	0.600423841
TCGA-HT-7681	0.498344874	2.4467674	5.106346332	0.329320775
TCGA-HT-7684	0.413694095	0.378074177	5.615565183	0.061480848
TCGA-HT-7686	1.076437094	1.62875196	4.605155069	0.243034375
TCGA-HT-7687	0.432692927	1.488018383	3.166763903	0.093915927
TCGA-HT-7688	0.730371368	2.290485302	4.041995475	0.322547531
TCGA-HT-7689	0.165411902	2.165304852	3.714907532	0.05441181
TCGA-HT-7690	1.555451584	1.329463515	7.700671733	0.417006129
TCGA-HT-7691	2.473221527	4.9656162	7.628285065	0.109307282
TCGA-HT-7692	0.166837181	0.393549278	4.980264432	0.035041206
TCGA-HT-7693	0.965696697	0.582147601	10.34553249	0.103943528
TCGA-HT-7694	0.535460744	3.037707394	3.149887456	0.24145258
TCGA-HT-7695	0.425341639	1.89244889	2.861784717	0.220624861
TCGA-HT-7854	0.331327385	6.135136645	3.385676513	0.307885608
TCGA-HT-7855	0.139222334	0.502323179	2.371860637	0.016315579
TCGA-HT-7856	0.571293842	3.490643636	4.306942013	0.448154703
TCGA-HT-7857	7.448917304	6.985658896	14.55869397	0.593688732
TCGA-HT-7858	0.332421372	2.117632153	3.154599719	0.022357867
TCGA-HT-7860	1.503642198	9.971519722	7.268266442	0.334803285
TCGA-HT-7873	0.239477994	1.470091754	4.059206841	0.06951336
TCGA-HT-7874	0.620598063	2.715473492	3.318969269	0.309998173
TCGA-HT-7875	0.451689022	0.739349213	4.101463853	0.32689603
TCGA-HT-7877	0.366529273	1.846030399	2.787648022	0.198363272
TCGA-HT-7879	0.330111491	1.537305076	3.532002738	0.070164613
TCGA-HT-7880	0.630538175	3.096597444	3.69298591	0.397556381
TCGA-HT-7881	0.861534925	3.901005832	2.950935368	0.200708857
TCGA-HT-7882	19.35124672	5.66710907	14.42941697	0.285459855
TCGA-HT-7884	0.199023549	1.768394654	1.873371345	0.036280787
TCGA-HT-7902	0.247554438	4.739570391	2.993765949	0.083650885
TCGA-HT-8010	0.292813834	1.644510149	2.677882874	0.249512395
TCGA-HT-8011	2.595994904	9.645997578	10.8580889	0.419104679
TCGA-HT-8012	0.232301155	0.719847481	4.005751833	0.125805227
TCGA-HT-8015	1.524610152	3.579702147	6.313651131	0.921901835
TCGA-HT-8018	2.353304706	3.310816275	7.515944118	0.452506898
TCGA-HT-8019	0.793164357	3.09597355	4.864689141	0.399533655
TCGA-HT-8104	2.845998686	10.16821936	11.01912995	0.268420053
TCGA-HT-8105	2.019503442	1.150205879	6.700357877	0.065233609
TCGA-HT-8106	1.736607075	3.667380334	7.747311651	0.115275328
TCGA-HT-8107	0.941375793	3.854351135	4.275102163	0.311431315
TCGA-HT-8108	0.184676813	1.276768978	2.99505768	0.066320467
TCGA-HT-8109	0.570608299	2.144464589	3.414979076	0.144947491
TCGA-HT-8110	1.83567555	7.514431138	6.492247993	1.294243784
TCGA-HT-8111	0.207946839	1.924190046	4.900754667	0.252509762
TCGA-HT-8113	0.842673888	3.133428696	4.184285117	0.414123436
TCGA-HT-8114	0.376594738	0.964291265	5.267190037	0.031986984
TCGA-HT-8558	0.838983262	4.039552875	3.73709685	0.314592732
TCGA-HT-8563	0.821184315	1.992589029	7.85255997	0.21033476
TCGA-HT-8564	1.166758521	7.39205547	6.058382373	0.587492968
TCGA-HT-A4DS	7.412790508	7.491522677	22.56072682	1.066685953
TCGA-HT-A4DV	0.442751732	4.852069229	3.536501362	0.099734634
TCGA-HT-A5R5	0.591094244	0.860816392	8.898397842	0.310253624
TCGA-HT-A5R7	0.827475661	2.908658523	4.026203174	0.194536725
TCGA-HT-A5R9	0.303702538	0.664660434	3.808709042	0.165449196
TCGA-HT-A5RA	5.420312112	7.929116761	15.29096182	0.41237005
TCGA-HT-A5RB	0.390824928	1.120173095	1.694554998	0.115867856
TCGA-HT-A614	0.434008596	2.682849749	3.726686171	0.070739758
TCGA-HT-A615	0.292113511	1.524897337	2.861600967	0.135098005
TCGA-HT-A616	0.8389284	1.837496874	4.36631708	0.303624344
TCGA-HT-A617	1.479178138	3.64137125	11.85226793	0.530232325
TCGA-HT-A618	0.799079432	1.478917174	5.700998776	0.13208573
TCGA-HT-A619	0.48232889	0.412559257	4.972979822	0.053138048
TCGA-HT-A61B	1.078248341	1.051887828	12.90401451	0.437328352
TCGA-HT-A61C	10.23663965	7.159248757	29.21297686	1.025059963
TCGA-HT-A74H	0.877276168	5.375194023	9.990090832	1.051472733
TCGA-HT-A74J	0.387968379	1.249507665	2.9296155	0.145147071
TCGA-HT-A74K	5.83993586	1.092015509	11.84702823	0.11419844
TCGA-HT-A74L	0.17989924	0.662460715	3.853378055	0.194786957
TCGA-HT-A74O	0.796181738	1.002021961	12.26429005	0.296700392
TCGA-HW-7486	0.165498588	3.596043781	3.971966229	0.104144405
TCGA-HW-7487	0.626381267	2.338704643	3.530748976	0.192455088
TCGA-HW-7489	0.672901909	2.072844644	3.962973453	0.270244694
TCGA-HW-7490	0.61858127	0.709181618	4.364129339	0.008407248
TCGA-HW-7491	0.384160485	0.535458172	4.595057799	0.032234827
TCGA-HW-7493	0.689254778	0.928380607	4.183458463	0.165754202
TCGA-HW-7495	0.361550666	2.451834469	3.248110222	0.123369389
TCGA-HW-8319	0.322733002	1.141259679	2.971874947	0.335585271
TCGA-HW-8320	0.204228656	0.547128624	2.650498822	0.009082739
TCGA-HW-8321	0.485269758	1.60596811	4.88608202	0.080255704
TCGA-HW-8322	0.294983823	0.730959196	2.737716335	0.144475815
TCGA-HW-A5KJ	0.54302317	0.639026345	8.653202658	0.03058504
TCGA-HW-A5KK	1.290781205	6.667584456	6.504161379	0.223260207
TCGA-HW-A5KL	0.114308647	0.94422779	1.743559007	0.068742273
TCGA-HW-A5KM	0.783883218	1.0837496	3.926010681	0.013236783
TCGA-IK-8125	0.81854285	1.124753682	3.38768141	0.139347184
TCGA-KT-A74X	0.3594316	0.587749424	5.431533637	0.109465589
TCGA-KT-A7W1	5.234828216	7.61033037	11.35088826	0.466974781
TCGA-P5-A5EV	0.167895669	0.615719011	3.888665942	0.106046157
TCGA-P5-A5EW	0.117268789	0.648126598	2.353289865	0.090132314
TCGA-P5-A5EX	1.689673988	0.81964344	5.982934021	0.171615949
TCGA-P5-A5EY	1.22123014	3.345049086	2.523474928	0.231981917
TCGA-P5-A5EZ	0.300178683	2.117144683	3.35532676	0.023958476
TCGA-P5-A5F0	0.630271703	1.893420029	6.031822447	0.33605742
TCGA-P5-A5F1	0.444306919	0.610266646	6.465441727	0.120541661
TCGA-P5-A5F2	0.41045036	1.050958868	5.008878045	0.074256735
TCGA-P5-A5F4	0.970326176	1.929485112	4.08032434	0.27855139
TCGA-P5-A5F6	0.608763717	8.096625723	4.79122049	0.221323102
TCGA-P5-A72U	2.41049522	5.485717147	10.54533074	0.280171983
TCGA-P5-A72W	0.296519968	0.609324651	11.07108063	0.129202751
TCGA-P5-A72X	0.300500269	1.588749381	4.018436003	0.162526615
TCGA-P5-A72Z	0.567268484	0.432821967	2.109849499	0.074021594
TCGA-P5-A730	0.51768916	1.554652294	7.699343846	0.273371513
TCGA-P5-A731	2.831098564	2.198327174	9.833227011	0.511157874
TCGA-P5-A733	0.109401591	0.743712967	2.780452705	0.042125362
TCGA-P5-A735	0.191746203	0.996437355	2.752227119	0.072088348
TCGA-P5-A736	0.26653208	1.578556265	7.6164424	0.251759179
TCGA-P5-A737	0.145049614	0.503477223	4.584958073	0.154277066
TCGA-P5-A77W	0.257369577	0.440392703	2.424958918	0.090133432
TCGA-P5-A77X	0.318173649	0.929689754	3.393023041	0.118386479
TCGA-P5-A780	0.42640058	1.681689298	3.478199459	0.064960795
TCGA-P5-A781	0.305900929	1.300482517	3.860055605	0.40500932
TCGA-QH-A65R	0.471045094	0.82967989	5.959503668	0.074589018
TCGA-QH-A65S	0.338923563	1.984915349	3.51593314	0.058427864
TCGA-QH-A65V	0.248262316	2.00384158	4.053648976	0.104994618
TCGA-QH-A65X	1.227464511	0.590136873	10.17016996	0.210212519
TCGA-QH-A65Z	0.15365267	1.020670635	4.91253946	0.043889678
TCGA-QH-A6CU	0.153860613	2.184041044	6.391999755	0.156972755
TCGA-QH-A6CV	2.400777383	6.617175582	24.67383622	0.277622799
TCGA-QH-A6CW	0.323725663	0.86222772	5.765458173	0.018346962
TCGA-QH-A6CY	0.376023391	2.041359761	4.036957383	0.248173894
TCGA-QH-A6CZ	0.236945902	0.793532213	3.749019186	0.147023452
TCGA-QH-A6X3	0.229916934	0.656529035	3.998014644	0.067736142
TCGA-QH-A6X4	0.087023825	1.824239276	3.687043055	0.115680153
TCGA-QH-A6X5	0.180422567	2.197607404	2.940845184	0.164990983
TCGA-QH-A6X8	0.137889719	1.939696413	6.747286672	0.030028772
TCGA-QH-A6X9	0.196123023	0.884934124	2.658940785	0.063870534
TCGA-QH-A6XA	0.159716007	1.268770689	3.886623023	0.106414098
TCGA-QH-A6XC	3.023597432	4.680533987	29.75719356	0.203815122
TCGA-QH-A86X	0.223430211	0.703675249	3.227682296	0.150816136
TCGA-R8-A6MK	0.235210242	0.831887357	2.294852195	0.177061811
TCGA-R8-A6ML	0.266879333	0.689582187	2.897110461	0.09081929
TCGA-R8-A6MO	0.242130711	1.965802342	3.857774407	0.036874195
TCGA-R8-A73M	0.215445033	0.394536525	6.82400778	0.121282644
TCGA-RY-A840	0.22592745	0.155229924	6.403058843	0.228187948
TCGA-RY-A843	0.40248096	0.936908769	4.059737144	0.144918773
TCGA-RY-A845	0.247766582	0.831493529	4.395648917	0.076357808
TCGA-S9-A6TU	0.273097758	1.885345032	2.483085196	0.027680187
TCGA-S9-A6TV	1.787587886	0.544491336	18.95903285	0.09677006
TCGA-S9-A6TW	0.715870284	0.900460713	5.245918161	0.093802025
TCGA-S9-A6TX	0.155197849	1.805833206	4.296319267	0.030172532
TCGA-S9-A6TY	0.29045565	1.19603806	5.378957363	0.117659994
TCGA-S9-A6TZ	0.175177405	0.884507484	2.685183778	0.197556058
TCGA-S9-A6U0	4.200899397	5.353552844	16.41096332	3.06864519
TCGA-S9-A6U1	0.264577654	1.600087061	2.585966432	0.214068342
TCGA-S9-A6U2	0.132867793	0.950803361	2.553904791	0.179008553
TCGA-S9-A6U5	0.819018854	0.428178614	3.729259269	0.246172346
TCGA-S9-A6U6	0.508756459	0.845263239	4.548655779	0.065688505
TCGA-S9-A6U8	0.179608517	2.301403597	2.549519033	0.11293922
TCGA-S9-A6U9	0.273965071	1.981106733	5.3465865	0.028713967
TCGA-S9-A6UB	0.0537356	1.061926342	3.74918079	0.137418484
TCGA-S9-A6WD	0.13955816	1.031040524	3.161681522	0.125336827
TCGA-S9-A6WE	0.258589124	0.491508372	3.433865108	0.193921106
TCGA-S9-A6WG	2.040995867	2.060363609	4.91796366	0.207786637
TCGA-S9-A6WH	0.200756441	0.470619886	3.908983435	0.095686286
TCGA-S9-A6WI	1.07786943	3.463246388	5.346886208	0.398156436
TCGA-S9-A6WL	1.368188909	1.751653741	6.512549369	0.217704392
TCGA-S9-A6WM	3.709555313	7.755368722	21.88355125	0.901761711
TCGA-S9-A6WN	0.864710937	1.001613804	8.180609427	0.308713042
TCGA-S9-A6WO	0.110234163	0.863114345	2.087709197	0.070586063
TCGA-S9-A6WP	0.541082859	1.643106797	5.101352103	0.146115189
TCGA-S9-A6WQ	0.340905502	2.198631071	3.918227595	0.103282888
TCGA-S9-A7IQ	0.612970099	2.591133676	4.984548383	0.464671095
TCGA-S9-A7IX	2.126021566	9.096998462	16.73638302	0.511968065
TCGA-S9-A7IY	0.22278921	1.362977732	3.693148892	0.163388217
TCGA-S9-A7IZ	0.35973584	1.376159431	5.892680703	0.114586768
TCGA-S9-A7J0	0.304381955	0.690666866	3.914890149	0.130394719
TCGA-S9-A7J1	0.172171135	1.783650011	1.291776707	0.151195146
TCGA-S9-A7J2	0.111861496	0.474676142	4.049300257	0.155687076
TCGA-S9-A7J3	0.294234447	1.487619694	2.951816687	0.080478796
TCGA-S9-A7QW	0.103153048	0.567227255	7.049260506	0.129007434
TCGA-S9-A7QX	0.281054715	0.917868018	2.930715948	0.063276919
TCGA-S9-A7QY	0.242366288	2.125567426	6.780889273	0.265907016
TCGA-S9-A7QZ	0.18554992	1.38897626	3.232449704	0.178512334
TCGA-S9-A7R1	0.388806617	0.651870454	6.815903585	0.114315517
TCGA-S9-A7R3	0.141651939	1.208292135	3.426902016	0.046172885
TCGA-S9-A7R4	0.580182016	1.131599879	3.876940686	0.112112894
TCGA-S9-A7R7	1.661520706	1.538866451	10.25207802	0.965747442
TCGA-TM-A7C3	1.632497502	6.626440372	13.9877724	0.141706395
TCGA-TM-A7C4	1.287285831	1.379280899	4.462103957	0.165447465
TCGA-TM-A7C5	0.273800883	0.322306713	3.662924054	0.08549386
TCGA-TM-A7CA	0.403300173	1.095853796	4.005603678	0.034178676
TCGA-TM-A7CF	0.402003857	1.134822149	2.450117905	0.226532916
TCGA-TM-A84C	5.649241924	0.511730051	16.4322402	0.387940223
TCGA-TM-A84F	0.731019504	1.865109102	4.726059115	0.307554047
TCGA-TM-A84G	0.228253687	0.395742936	3.351617077	0.11739126
TCGA-TM-A84M	0.224126032	0.294671632	8.222716833	0.11631903
TCGA-TQ-A7RF	0.125797312	0.546230951	5.019087024	0.075347501
TCGA-TQ-A7RG	0.210172701	0.749520771	3.754188959	0.300199998
TCGA-TQ-A7RH	0.273308951	1.516741918	8.793704302	0.334647028
TCGA-TQ-A7RI	0.164885927	1.462979271	4.153344208	0.220154141
TCGA-TQ-A7RJ	0.236245002	1.179527868	2.154517492	0.100365059
TCGA-TQ-A7RK	0.145394988	0.68857321	2.867165584	0.127537676
TCGA-TQ-A7RM	1.128085758	0.412964267	6.710401597	0.251073731
TCGA-TQ-A7RN	0.150097177	0.795685027	4.393907135	0.188124573
TCGA-TQ-A7RO	0.401961542	0.631127216	4.126286477	0.127331042
TCGA-TQ-A7RP	0.258630653	8.34664185	6.118541128	0.87792343
TCGA-TQ-A7RQ	0.235397243	0.646669127	3.263371763	0.156074466
TCGA-TQ-A7RR	0.281084535	2.743084552	2.765096959	0.203724629
TCGA-TQ-A7RU	0.376014096	0.34112939	2.807759294	0.087248599
TCGA-TQ-A7RV	0.161833849	1.354089779	2.813130041	0.113354126
TCGA-VM-A8C8	0.172717908	0.825828861	4.900340844	0.036962894
TCGA-VM-A8C9	3.479420872	3.322011094	8.679955283	0.438121564
TCGA-VM-A8CA	1.252401977	1.256789677	9.55227254	0.209316112
TCGA-VM-A8CE	0.511827493	1.78308042	3.183154397	0.230511471
TCGA-VM-A8CH	0.317027498	1.132608854	4.857101869	0.06226719
TCGA-VV-A829	0.576108251	0.288733986	4.248900567	0.093938722
TCGA-VV-A86M	0.609406677	0.445640233	1.491721591	0.03446153
TCGA-VW-A7QS	0.460475498	0.253109671	9.772882763	0.01063415
TCGA-WH-A86K	0.355788787	0.682915068	4.156738864	0.074998901
TCGA-WY-A859	0.723870154	2.046967472	6.303308861	0.36341678
TCGA-WY-A85A	0.248360715	0.763757503	3.183974181	0.207476327
TCGA-WY-A85B	0.343446896	0.919655095	1.836973114	0.008271779
